================================================================================
RESULTADOS DE PREDICCIÓN - TP1-EJ2 (REGRESIÓN)
================================================================================
Timestamp de ejecución: 2025-09-09 23:40:02
Función de activación: Sigmoide (No Lineal)
Error final (MSE): 37.266766
Pesos finales: [ 3.26621635  3.26288608  3.24491761 -2.31760922]

TABLA DE PREDICCIONES (Conjunto de Prueba)
------------------------------------------------------------
Índice | Real      | Predicción | Error Abs. | Error Rel. (%)
------------------------------------------------------------
     1 |    1.6638 |     7.1764 |     5.5126 |      331.33
     2 |   -0.8172 |    -5.0360 |     4.2188 |      516.24
     3 |   -0.4208 |    -2.9952 |     2.5745 |      611.86
     4 |   -1.0603 |    -7.5010 |     6.4407 |      607.46
     5 |   -0.7367 |    -4.7132 |     3.9766 |      539.81
     6 |   -1.0892 |    -8.1648 |     7.0756 |      649.63
     7 |   -0.6243 |    -4.1456 |     3.5213 |      564.03
     8 |   -1.1204 |    -8.9199 |     7.7994 |      696.11
     9 |    1.7195 |     9.3962 |     7.6767 |      446.46
    10 |    0.4848 |    -0.1804 |     0.6652 |      137.21
    11 |    1.5437 |     5.0247 |     3.4810 |      225.50
    12 |    0.2147 |    -1.0075 |     1.2222 |      569.24
    13 |   -0.8687 |    -5.2871 |     4.4184 |      508.65
    14 |    0.6089 |     0.0642 |     0.5447 |       89.45
    15 |    1.4598 |     4.2926 |     2.8328 |      194.05
    16 |   -1.0945 |    -8.2824 |     7.1880 |      656.76
    17 |    1.7336 |    10.6768 |     8.9431 |      515.86
    18 |    0.6089 |     0.2547 |     0.3542 |       58.17
    19 |   -1.0457 |    -7.4429 |     6.3973 |      611.78
    20 |   -1.1496 |   -10.0627 |     8.9131 |      775.29
    21 |   -1.1553 |   -10.1130 |     8.9578 |      775.39
    22 |   -1.1907 |   -13.7478 |    12.5571 |     1054.61
    23 |    0.8168 |     0.8688 |     0.0520 |        6.36
    24 |    1.0109 |     1.6384 |     0.6275 |       62.07
    25 |   -1.1279 |    -9.1881 |     8.0602 |      714.60
    26 |    1.2728 |     2.8488 |     1.5760 |      123.82
    27 |   -1.0828 |    -7.9823 |     6.8995 |      637.16
    28 |   -0.6673 |    -4.3369 |     3.6696 |      549.95
    29 |   -0.3458 |    -2.6693 |     2.3235 |      671.93
    30 |    0.3087 |    -0.6879 |     0.9966 |      322.81
    31 |    1.5794 |     5.5701 |     3.9908 |      252.68
    32 |   -0.7669 |    -4.7761 |     4.0092 |      522.75
    33 |   -1.0277 |    -7.0422 |     6.0145 |      585.25
    34 |   -0.2818 |    -2.5947 |     2.3130 |      820.83
    35 |   -0.7746 |    -4.7526 |     3.9780 |      513.55
    36 |    1.7158 |     9.1893 |     7.4736 |      435.58
    37 |    1.1037 |     1.9782 |     0.8745 |       79.23
    38 |   -1.1581 |   -10.2867 |     9.1286 |      788.24
    39 |    1.6458 |     6.6774 |     5.0316 |      305.72
    40 |    0.5489 |     0.2398 |     0.3091 |       56.32
------------------------------------------------------------

ESTADÍSTICAS DE ERROR
------------------------------
Error absoluto promedio: 4.564967
Error absoluto mínimo:   0.051974
Error absoluto máximo:   12.557124
Desviación estándar:     3.093375

CALIDAD DE PREDICCIONES
------------------------------
Excelentes (< 5%):       0 (0.0%)
Buenas (5-20%):          1 (2.5%)
Regulares (20-50%):      0 (0.0%)
Malas (≥ 50%):          39 (97.5%)

================================================================================
