================================================================================
RESULTADOS DE PREDICCIÓN - TP1-EJ2 (REGRESIÓN)
================================================================================
Timestamp de ejecución: 2025-08-24 20:56:09
Error final (MSE): 6.497589
Pesos finales: [0.55109411 0.57182826 0.57419423 0.00239563]

TABLA DE PREDICCIONES (Conjunto de Prueba)
------------------------------------------------------------
Índice | Real      | Predicción | Error Abs. | Error Rel. (%)
------------------------------------------------------------
     1 |    1.6638 |     1.6753 |     0.0116 |        0.69
     2 |   -0.8172 |    -0.4505 |     0.3668 |       44.88
     3 |   -0.4208 |    -0.0863 |     0.3345 |       79.49
     4 |   -1.0603 |    -0.8880 |     0.1722 |       16.25
     5 |   -0.7367 |    -0.4434 |     0.2932 |       39.80
     6 |   -1.0892 |    -1.0196 |     0.0695 |        6.39
     7 |   -0.6243 |    -0.3453 |     0.2790 |       44.68
     8 |   -1.1204 |    -1.1422 |     0.0218 |        1.94
     9 |    1.7195 |     2.0380 |     0.3185 |       18.52
    10 |    0.4848 |     0.3622 |     0.1226 |       25.29
    11 |    1.5437 |     1.2681 |     0.2756 |       17.85
    12 |    0.2147 |     0.2264 |     0.0117 |        5.45
    13 |   -0.8687 |    -0.4780 |     0.3907 |       44.98
    14 |    0.6089 |     0.3783 |     0.2306 |       37.87
    15 |    1.4598 |     1.1672 |     0.2926 |       20.04
    16 |   -1.0945 |    -1.0464 |     0.0480 |        4.39
    17 |    1.7336 |     2.2504 |     0.5168 |       29.81
    18 |    0.6089 |     0.4599 |     0.1490 |       24.47
    19 |   -1.0457 |    -0.9102 |     0.1355 |       12.96
    20 |   -1.1496 |    -1.3732 |     0.2235 |       19.44
    21 |   -1.1553 |    -1.3332 |     0.1779 |       15.40
    22 |   -1.1907 |    -1.9797 |     0.7890 |       66.26
    23 |    0.8168 |     0.5453 |     0.2715 |       33.24
    24 |    1.0109 |     0.6793 |     0.3317 |       32.81
    25 |   -1.1279 |    -1.2027 |     0.0747 |        6.63
    26 |    1.2728 |     0.8891 |     0.3837 |       30.15
    27 |   -1.0828 |    -0.9803 |     0.1025 |        9.47
    28 |   -0.6673 |    -0.3714 |     0.2959 |       44.35
    29 |   -0.3458 |    -0.0230 |     0.3228 |       93.34
    30 |    0.3087 |     0.2888 |     0.0200 |        6.47
    31 |    1.5794 |     1.3896 |     0.1898 |       12.01
    32 |   -0.7669 |    -0.4120 |     0.3549 |       46.28
    33 |   -1.0277 |    -0.8051 |     0.2226 |       21.66
    34 |   -0.2818 |    -0.0374 |     0.2444 |       86.72
    35 |   -0.7746 |    -0.3978 |     0.3768 |       48.65
    36 |    1.7158 |     2.0081 |     0.2923 |       17.04
    37 |    1.1037 |     0.7180 |     0.3858 |       34.95
    38 |   -1.1581 |    -1.3660 |     0.2079 |       17.95
    39 |    1.6458 |     1.5702 |     0.0756 |        4.59
    40 |    0.5489 |     0.4894 |     0.0595 |       10.84
------------------------------------------------------------

ESTADÍSTICAS DE ERROR
------------------------------
Error absoluto promedio: 0.236073
Error absoluto mínimo:   0.011560
Error absoluto máximo:   0.788986
Desviación estándar:     0.154373

CALIDAD DE PREDICCIONES
------------------------------
Excelentes (< 5%):       4 (10.0%)
Buenas (5-20%):         15 (37.5%)
Regulares (20-50%):     17 (42.5%)
Malas (≥ 50%):           4 (10.0%)

================================================================================
