================================================================================
RESULTADOS DE PREDICCIÓN - TP1-EJ2 (REGRESIÓN)
================================================================================
Timestamp de ejecución: 2025-09-09 23:55:41
Función de activación: Sigmoide (No Lineal)
Error final (MSE): 40.631218
Pesos finales: [ 3.31277865  3.28225257  3.24805793 -2.31419601]

TABLA DE PREDICCIONES (Conjunto de Prueba)
------------------------------------------------------------
Índice | Real      | Predicción | Error Abs. | Error Rel. (%)
------------------------------------------------------------
     1 |    0.6089 |     0.1500 |     0.4589 |       75.37
     2 |    0.7720 |     0.7134 |     0.0586 |        7.59
     3 |   -0.7342 |    -4.5174 |     3.7833 |      515.30
     4 |   -1.1695 |   -11.1644 |     9.9949 |      854.65
     5 |    0.8333 |     0.9947 |     0.1615 |       19.38
     6 |   -0.5455 |    -3.7208 |     3.1753 |      582.05
     7 |   -0.8354 |    -5.1957 |     4.3603 |      521.93
     8 |    0.8646 |     1.1889 |     0.3243 |       37.51
     9 |    0.7001 |     0.5478 |     0.1523 |       21.75
    10 |   -0.0335 |    -1.7858 |     1.7523 |     5237.91
    11 |    0.9066 |     1.3436 |     0.4369 |       48.20
    12 |    1.6736 |     7.4373 |     5.7638 |      344.40
    13 |   -1.0224 |    -6.9264 |     5.9039 |      577.44
    14 |    1.6770 |     7.5647 |     5.8877 |      351.09
    15 |    0.4848 |    -0.1467 |     0.6315 |      130.26
    16 |    0.3942 |    -0.3368 |     0.7310 |      185.44
    17 |   -1.1701 |   -11.1811 |    10.0109 |      855.52
    18 |    1.1371 |     2.3726 |     1.2355 |      108.65
    19 |   -1.1018 |    -8.4977 |     7.3959 |      671.24
    20 |    0.5489 |     0.1943 |     0.3547 |       64.61
    21 |    1.6638 |     7.2129 |     5.5491 |      333.53
    22 |    0.5366 |     0.0443 |     0.4922 |       91.74
    23 |   -1.0603 |    -7.5576 |     6.4973 |      612.81
    24 |   -0.8630 |    -5.4858 |     4.6228 |      535.65
    25 |    0.7259 |     0.5986 |     0.1273 |       17.54
    26 |   -0.0940 |    -2.0256 |     1.9316 |     2055.36
    27 |    1.5258 |     4.9731 |     3.4474 |      225.94
    28 |   -0.7751 |    -4.8140 |     4.0388 |      521.05
    29 |    0.7250 |     0.6437 |     0.0812 |       11.21
    30 |    1.1858 |     2.5084 |     1.3226 |      111.54
    31 |   -0.2419 |    -2.3779 |     2.1360 |      882.97
    32 |   -0.0488 |    -1.8194 |     1.7706 |     3625.42
    33 |    0.0718 |    -1.4650 |     1.5368 |     2140.25
    34 |    1.1037 |     2.0536 |     0.9498 |       86.06
    35 |    0.4072 |    -0.3169 |     0.7241 |      177.81
    36 |   -1.1760 |   -11.6447 |    10.4687 |      890.23
    37 |   -0.9681 |    -6.4730 |     5.5049 |      568.64
    38 |    0.2815 |    -0.8252 |     1.1067 |      393.19
    39 |   -1.1496 |   -10.0698 |     8.9201 |      775.91
    40 |   -1.1570 |   -10.4123 |     9.2553 |      799.92
------------------------------------------------------------

ESTADÍSTICAS DE ERROR
------------------------------
Error absoluto promedio: 3.326423
Error absoluto mínimo:   0.058615
Error absoluto máximo:   10.468714
Desviación estándar:     3.204433

CALIDAD DE PREDICCIONES
------------------------------
Excelentes (< 5%):       0 (0.0%)
Buenas (5-20%):          4 (10.0%)
Regulares (20-50%):      3 (7.5%)
Malas (≥ 50%):          33 (82.5%)

================================================================================
