================================================================================
RESULTADOS DE PREDICCIÓN - TP1-EJ2 (REGRESIÓN)
================================================================================
Timestamp de ejecución: 2025-09-09 19:58:44
Función de activación: Sigmoide (No Lineal)
Error final (MSE): 37.266826
Pesos finales: [ 3.24558107  3.25111827  3.25648853 -2.30478907]

TABLA DE PREDICCIONES (Conjunto de Prueba)
------------------------------------------------------------
Índice | Real      | Predicción | Error Abs. | Error Rel. (%)
------------------------------------------------------------
     1 |    1.6638 |     7.1855 |     5.5217 |      331.88
     2 |   -0.8172 |    -5.0088 |     4.1916 |      512.91
     3 |   -0.4208 |    -2.9550 |     2.5342 |      602.30
     4 |   -1.0603 |    -7.4473 |     6.3870 |      602.40
     5 |   -0.7367 |    -4.7255 |     3.9889 |      541.49
     6 |   -1.0892 |    -8.1540 |     7.0648 |      648.64
     7 |   -0.6243 |    -4.1738 |     3.5495 |      568.55
     8 |   -1.1204 |    -8.9087 |     7.7882 |      695.11
     9 |    1.7195 |     9.3797 |     7.6602 |      445.49
    10 |    0.4848 |    -0.1786 |     0.6633 |      136.83
    11 |    1.5437 |     5.0208 |     3.4771 |      225.25
    12 |    0.2147 |    -1.0107 |     1.2254 |      570.72
    13 |   -0.8687 |    -5.2132 |     4.3445 |      500.14
    14 |    0.6089 |     0.0159 |     0.5930 |       97.39
    15 |    1.4598 |     4.3149 |     2.8550 |      195.57
    16 |   -1.0945 |    -8.2653 |     7.1708 |      655.19
    17 |    1.7336 |    10.6520 |     8.9184 |      514.43
    18 |    0.6089 |     0.2505 |     0.3583 |       58.85
    19 |   -1.0457 |    -7.4472 |     6.4015 |      612.18
    20 |   -1.1496 |   -10.0578 |     8.9082 |      774.87
    21 |   -1.1553 |   -10.0476 |     8.8924 |      769.73
    22 |   -1.1907 |   -13.7163 |    12.5256 |     1051.96
    23 |    0.8168 |     0.8422 |     0.0254 |        3.11
    24 |    1.0109 |     1.6290 |     0.6181 |       61.14
    25 |   -1.1279 |    -9.1805 |     8.0526 |      713.92
    26 |    1.2728 |     2.8210 |     1.5482 |      121.64
    27 |   -1.0828 |    -7.9527 |     6.8699 |      634.43
    28 |   -0.6673 |    -4.3602 |     3.6929 |      553.43
    29 |   -0.3458 |    -2.6168 |     2.2710 |      656.73
    30 |    0.3087 |    -0.6831 |     0.9919 |      321.26
    31 |    1.5794 |     5.5817 |     4.0023 |      253.41
    32 |   -0.7669 |    -4.7763 |     4.0094 |      522.78
    33 |   -1.0277 |    -7.0160 |     5.9883 |      582.71
    34 |   -0.2818 |    -2.5959 |     2.3141 |      821.24
    35 |   -0.7746 |    -4.7265 |     3.9519 |      510.17
    36 |    1.7158 |     9.1885 |     7.4728 |      435.53
    37 |    1.1037 |     1.9625 |     0.8588 |       77.80
    38 |   -1.1581 |   -10.2309 |     9.0728 |      783.43
    39 |    1.6458 |     6.6752 |     5.0294 |      305.59
    40 |    0.5489 |     0.2933 |     0.2556 |       46.56
------------------------------------------------------------

ESTADÍSTICAS DE ERROR
------------------------------
Error absoluto promedio: 4.551123
Error absoluto mínimo:   0.025427
Error absoluto máximo:   12.525575
Desviación estándar:     3.086649

CALIDAD DE PREDICCIONES
------------------------------
Excelentes (< 5%):       1 (2.5%)
Buenas (5-20%):          0 (0.0%)
Regulares (20-50%):      1 (2.5%)
Malas (≥ 50%):          38 (95.0%)

================================================================================
