================================================================================
RESULTADOS DE PREDICCIÓN - TP1-EJ2 (REGRESIÓN)
================================================================================
Timestamp de ejecución: 2025-08-24 20:57:10
Error final (MSE): 48.628825
Pesos finales: [ 0.48339348  0.55803566  0.87638753 -0.42439686]

TABLA DE PREDICCIONES (Conjunto de Prueba)
------------------------------------------------------------
Índice | Real      | Predicción | Error Abs. | Error Rel. (%)
------------------------------------------------------------
     1 |    1.6638 |     1.6164 |     0.0474 |        2.85
     2 |   -0.8172 |    -0.8805 |     0.0633 |        7.74
     3 |   -0.4208 |    -0.2546 |     0.1661 |       39.49
     4 |   -1.0603 |    -1.0363 |     0.0240 |        2.26
     5 |   -0.7367 |    -1.2566 |     0.5200 |       70.58
     6 |   -1.0892 |    -1.7638 |     0.6746 |       61.94
     7 |   -0.6243 |    -1.3555 |     0.7312 |      117.12
     8 |   -1.1204 |    -1.9500 |     0.8296 |       74.04
     9 |    1.7195 |     1.8067 |     0.0872 |        5.07
    10 |    0.4848 |    -0.0697 |     0.5544 |      114.37
    11 |    1.5437 |     1.0232 |     0.5205 |       33.72
    12 |    0.2147 |    -0.3491 |     0.5638 |      262.60
    13 |   -0.8687 |    -0.3058 |     0.5629 |       64.80
    14 |    0.6089 |    -0.6722 |     1.2811 |      210.38
    15 |    1.4598 |     1.1695 |     0.2903 |       19.89
    16 |   -1.0945 |    -1.6829 |     0.5884 |       53.77
    17 |    1.7336 |     2.0034 |     0.2698 |       15.56
    18 |    0.6089 |    -0.1115 |     0.7204 |      118.32
    19 |   -1.0457 |    -1.7773 |     0.7316 |       69.96
    20 |   -1.1496 |    -2.2207 |     1.0711 |       93.16
    21 |   -1.1553 |    -1.4805 |     0.3252 |       28.15
    22 |   -1.1907 |    -2.7547 |     1.5640 |      131.35
    23 |    0.8168 |    -0.2425 |     1.0593 |      129.69
    24 |    1.0109 |     0.1782 |     0.8327 |       82.37
    25 |   -1.1279 |    -2.0282 |     0.9003 |       79.82
    26 |    1.2728 |     0.1884 |     1.0844 |       85.20
    27 |   -1.0828 |    -1.4701 |     0.3872 |       35.76
    28 |   -0.6673 |    -1.3450 |     0.6777 |      101.56
    29 |   -0.3458 |    -0.0197 |     0.3261 |       94.31
    30 |    0.3087 |    -0.1785 |     0.4872 |      157.80
    31 |    1.5794 |     1.3035 |     0.2758 |       17.46
    32 |   -0.7669 |    -1.1998 |     0.4329 |       56.44
    33 |   -1.0277 |    -1.3361 |     0.3084 |       30.01
    34 |   -0.2818 |    -0.7085 |     0.4268 |      151.45
    35 |   -0.7746 |    -0.8405 |     0.0659 |        8.50
    36 |    1.7158 |     1.9718 |     0.2560 |       14.92
    37 |    1.1037 |     0.2142 |     0.8896 |       80.59
    38 |   -1.1581 |    -1.6518 |     0.4937 |       42.63
    39 |    1.6458 |     1.3857 |     0.2601 |       15.81
    40 |    0.5489 |     0.6366 |     0.0877 |       15.98
------------------------------------------------------------

ESTADÍSTICAS DE ERROR
------------------------------
Error absoluto promedio: 0.535966
Error absoluto mínimo:   0.023988
Error absoluto máximo:   1.563984
Desviación estándar:     0.356604

CALIDAD DE PREDICCIONES
------------------------------
Excelentes (< 5%):       2 (5.0%)
Buenas (5-20%):          9 (22.5%)
Regulares (20-50%):      6 (15.0%)
Malas (≥ 50%):          23 (57.5%)

================================================================================
