================================================================================
RESULTADOS DE PREDICCIÓN - TP1-EJ2 (REGRESIÓN)
================================================================================
Timestamp de ejecución: 2025-08-26 20:08:26
Función de activación: Sigmoide (No Lineal)
Error final (MSE): 38.352933
Pesos finales: [ 1.57272526  1.59912622  1.54181876 -1.13218619]

TABLA DE PREDICCIONES (Conjunto de Prueba)
------------------------------------------------------------
Índice | Real      | Predicción | Error Abs. | Error Rel. (%)
------------------------------------------------------------
     1 |    1.6638 |     3.4617 |     1.7979 |      108.06
     2 |   -0.8172 |    -2.4198 |     1.6026 |      196.10
     3 |   -0.4208 |    -1.4579 |     1.0371 |      246.49
     4 |   -1.0603 |    -3.6879 |     2.6276 |      247.83
     5 |   -0.7367 |    -2.2794 |     1.5427 |      209.42
     6 |   -1.0892 |    -3.9299 |     2.8407 |      260.81
     7 |   -0.6243 |    -1.9677 |     1.3434 |      215.18
     8 |   -1.1204 |    -4.2702 |     3.1498 |      281.12
     9 |    1.7195 |     4.5326 |     2.8131 |      163.60
    10 |    0.4848 |    -0.1118 |     0.5966 |      123.07
    11 |    1.5437 |     2.3894 |     0.8458 |       54.79
    12 |    0.2147 |    -0.4736 |     0.6883 |      320.57
    13 |   -0.8687 |    -2.6244 |     1.7558 |      202.12
    14 |    0.6089 |     0.0745 |     0.5344 |       87.76
    15 |    1.4598 |     2.0344 |     0.5746 |       39.36
    16 |   -1.0945 |    -4.0183 |     2.9239 |      267.15
    17 |    1.7336 |     5.1408 |     3.4071 |      196.53
    18 |    0.6089 |     0.1651 |     0.4438 |       72.88
    19 |   -1.0457 |    -3.5844 |     2.5387 |      242.78
    20 |   -1.1496 |    -4.8768 |     3.7271 |      324.20
    21 |   -1.1553 |    -4.9437 |     3.7885 |      327.94
    22 |   -1.1907 |    -6.6233 |     5.4326 |      456.26
    23 |    0.8168 |     0.4659 |     0.3509 |       42.96
    24 |    1.0109 |     0.7880 |     0.2229 |       22.05
    25 |   -1.1279 |    -4.4222 |     3.2943 |      292.06
    26 |    1.2728 |     1.4130 |     0.1402 |       11.02
    27 |   -1.0828 |    -3.8745 |     2.7916 |      257.80
    28 |   -0.6673 |    -2.0547 |     1.3874 |      207.93
    29 |   -0.3458 |    -1.3192 |     0.9734 |      281.49
    30 |    0.3087 |    -0.3259 |     0.6347 |      205.57
    31 |    1.5794 |     2.6731 |     1.0938 |       69.26
    32 |   -0.7669 |    -2.2392 |     1.4723 |      191.97
    33 |   -1.0277 |    -3.3882 |     2.3605 |      229.70
    34 |   -0.2818 |    -1.2071 |     0.9253 |      328.38
    35 |   -0.7746 |    -2.2734 |     1.4988 |      193.49
    36 |    1.7158 |     4.4067 |     2.6910 |      156.84
    37 |    1.1037 |     0.9176 |     0.1861 |       16.87
    38 |   -1.1581 |    -5.0073 |     3.8492 |      332.38
    39 |    1.6458 |     3.2092 |     1.5634 |       94.99
    40 |    0.5489 |     0.0823 |     0.4666 |       85.00
------------------------------------------------------------

ESTADÍSTICAS DE ERROR
------------------------------
Error absoluto promedio: 1.797861
Error absoluto mínimo:   0.140230
Error absoluto máximo:   5.432585
Desviación estándar:     1.257809

CALIDAD DE PREDICCIONES
------------------------------
Excelentes (< 5%):       0 (0.0%)
Buenas (5-20%):          2 (5.0%)
Regulares (20-50%):      3 (7.5%)
Malas (≥ 50%):          35 (87.5%)

================================================================================
