================================================================================
RESULTADOS DE PREDICCIÓN - TP1-EJ2 (REGRESIÓN)
================================================================================
Timestamp de ejecución: 2025-09-01 22:15:42
Función de activación: Sigmoide (No Lineal)
Error final (MSE): 38.314053
Pesos finales: [ 1.59093011  1.61242313  1.56057489 -1.14166807]

TABLA DE PREDICCIONES (Conjunto de Prueba)
------------------------------------------------------------
Índice | Real      | Predicción | Error Abs. | Error Rel. (%)
------------------------------------------------------------
     1 |    1.6638 |     3.4974 |     1.8337 |      110.21
     2 |   -0.8172 |    -2.4474 |     1.6302 |      199.48
     3 |   -0.4208 |    -1.4730 |     1.0522 |      250.08
     4 |   -1.0603 |    -3.7178 |     2.6576 |      250.65
     5 |   -0.7367 |    -2.3001 |     1.5634 |      212.23
     6 |   -1.0892 |    -3.9717 |     2.8825 |      264.65
     7 |   -0.6243 |    -1.9901 |     1.3658 |      218.77
     8 |   -1.1204 |    -4.3194 |     3.1989 |      285.51
     9 |    1.7195 |     4.5814 |     2.8619 |      166.44
    10 |    0.4848 |    -0.1083 |     0.5930 |      122.33
    11 |    1.5437 |     2.4207 |     0.8770 |       56.82
    12 |    0.2147 |    -0.4794 |     0.6941 |      323.26
    13 |   -0.8687 |    -2.6443 |     1.7756 |      204.41
    14 |    0.6089 |     0.0728 |     0.5361 |       88.04
    15 |    1.4598 |     2.0603 |     0.6005 |       41.13
    16 |   -1.0945 |    -4.0564 |     2.9619 |      270.63
    17 |    1.7336 |     5.1979 |     3.4643 |      199.83
    18 |    0.6089 |     0.1612 |     0.4477 |       73.53
    19 |   -1.0457 |    -3.6210 |     2.5753 |      246.28
    20 |   -1.1496 |    -4.9228 |     3.7732 |      328.20
    21 |   -1.1553 |    -4.9882 |     3.8329 |      331.78
    22 |   -1.1907 |    -6.6943 |     5.5036 |      462.22
    23 |    0.8168 |     0.4660 |     0.3508 |       42.94
    24 |    1.0109 |     0.7980 |     0.2129 |       21.06
    25 |   -1.1279 |    -4.4690 |     3.3411 |      296.21
    26 |    1.2728 |     1.4243 |     0.1515 |       11.90
    27 |   -1.0828 |    -3.9119 |     2.8290 |      261.26
    28 |   -0.6673 |    -2.0792 |     1.4119 |      211.60
    29 |   -0.3458 |    -1.3308 |     0.9850 |      284.85
    30 |    0.3087 |    -0.3297 |     0.6385 |      206.80
    31 |    1.5794 |     2.7028 |     1.1235 |       71.14
    32 |   -0.7669 |    -2.2718 |     1.5049 |      196.22
    33 |   -1.0277 |    -3.4256 |     2.3979 |      233.34
    34 |   -0.2818 |    -1.2257 |     0.9440 |      334.99
    35 |   -0.7746 |    -2.3010 |     1.5264 |      197.06
    36 |    1.7158 |     4.4572 |     2.7414 |      159.78
    37 |    1.1037 |     0.9350 |     0.1688 |       15.29
    38 |   -1.1581 |    -5.0549 |     3.8968 |      336.49
    39 |    1.6458 |     3.2451 |     1.5993 |       97.18
    40 |    0.5489 |     0.0853 |     0.4636 |       84.45
------------------------------------------------------------

ESTADÍSTICAS DE ERROR
------------------------------
Error absoluto promedio: 1.824222
Error absoluto mínimo:   0.151494
Error absoluto máximo:   5.503620
Desviación estándar:     1.275518

CALIDAD DE PREDICCIONES
------------------------------
Excelentes (< 5%):       0 (0.0%)
Buenas (5-20%):          2 (5.0%)
Regulares (20-50%):      3 (7.5%)
Malas (≥ 50%):          35 (87.5%)

================================================================================
