================================================================================
RESULTADOS DE PREDICCIÓN - TP1-EJ2 (REGRESIÓN)
================================================================================
Timestamp de ejecución: 2025-09-09 19:58:09
Función de activación: Sigmoide (No Lineal)
Error final (MSE): 37.329975
Pesos finales: [ 2.64270609  2.63015582  2.58860323 -1.84065632]

TABLA DE PREDICCIONES (Conjunto de Prueba)
------------------------------------------------------------
Índice | Real      | Predicción | Error Abs. | Error Rel. (%)
------------------------------------------------------------
     1 |    1.6638 |     5.7768 |     4.1130 |      247.21
     2 |   -0.8172 |    -4.0368 |     3.2196 |      393.97
     3 |   -0.4208 |    -2.4154 |     1.9946 |      474.05
     4 |   -1.0603 |    -6.0443 |     4.9841 |      470.08
     5 |   -0.7367 |    -3.7328 |     2.9962 |      406.73
     6 |   -1.0892 |    -6.5269 |     5.4377 |      499.25
     7 |   -0.6243 |    -3.2591 |     2.6348 |      422.04
     8 |   -1.1204 |    -7.1326 |     6.0122 |      536.60
     9 |    1.7195 |     7.5862 |     5.8667 |      341.19
    10 |    0.4848 |    -0.1144 |     0.5992 |      123.60
    11 |    1.5437 |     4.0659 |     2.5223 |      163.40
    12 |    0.2147 |    -0.7716 |     0.9863 |      459.34
    13 |   -0.8687 |    -4.2922 |     3.4236 |      394.12
    14 |    0.6089 |     0.1398 |     0.4691 |       77.04
    15 |    1.4598 |     3.4490 |     1.9892 |      136.26
    16 |   -1.0945 |    -6.6288 |     5.5344 |      505.68
    17 |    1.7336 |     8.6224 |     6.8887 |      397.36
    18 |    0.6089 |     0.2420 |     0.3669 |       60.26
    19 |   -1.0457 |    -5.9309 |     4.8852 |      467.18
    20 |   -1.1496 |    -8.0423 |     6.8927 |      599.55
    21 |   -1.1553 |    -8.1523 |     6.9970 |      605.67
    22 |   -1.1907 |   -11.0276 |     9.8369 |      826.15
    23 |    0.8168 |     0.7600 |     0.0567 |        6.95
    24 |    1.0109 |     1.3571 |     0.3462 |       34.25
    25 |   -1.1279 |    -7.3439 |     6.2159 |      551.09
    26 |    1.2728 |     2.3492 |     1.0764 |       84.57
    27 |   -1.0828 |    -6.4024 |     5.3196 |      491.26
    28 |   -0.6673 |    -3.4182 |     2.7509 |      412.26
    29 |   -0.3458 |    -2.1683 |     1.8225 |      527.04
    30 |    0.3087 |    -0.5245 |     0.8332 |      269.87
    31 |    1.5794 |     4.4859 |     2.9065 |      184.03
    32 |   -0.7669 |    -3.7965 |     3.0296 |      395.02
    33 |   -1.0277 |    -5.6442 |     4.6166 |      449.22
    34 |   -0.2818 |    -2.0464 |     1.7646 |      626.22
    35 |   -0.7746 |    -3.8082 |     3.0336 |      391.62
    36 |    1.7158 |     7.4021 |     5.6863 |      331.41
    37 |    1.1037 |     1.6365 |     0.5328 |       48.27
    38 |   -1.1581 |    -8.2804 |     7.1223 |      615.00
    39 |    1.6458 |     5.3895 |     3.7437 |      227.47
    40 |    0.5489 |     0.1633 |     0.3856 |       70.24
------------------------------------------------------------

ESTADÍSTICAS DE ERROR
------------------------------
Error absoluto promedio: 3.497331
Error absoluto mínimo:   0.056747
Error absoluto máximo:   9.836898
Desviación estándar:     2.399864

CALIDAD DE PREDICCIONES
------------------------------
Excelentes (< 5%):       0 (0.0%)
Buenas (5-20%):          1 (2.5%)
Regulares (20-50%):      2 (5.0%)
Malas (≥ 50%):          37 (92.5%)

================================================================================
